NETWERK 1
NODES 22
0 0 0
1 30 0
2 60 0
3 90 0
4 120 0
5 150 0
6 180 0
7 210 0
8 240 0
9 270 0
10 300 0
11 0 30
12 30 30
13 60 30
14 90 30
15 120 30
16 150 30
17 180 30
18 210 30
19 240 30
20 270 30
21 300 30
EDGES 22
0 0 1 0
1 1 2 0
2 2 3 0
3 3 4 0
4 4 5 0
5 5 6 0
6 6 7 0
7 7 8 0
8 8 9 0
9 9 10 0
10 11 12 0
11 12 13 0
12 13 14 0
13 14 15 0
14 15 16 0
15 16 17 0
16 17 18 0
17 18 19 0
18 19 20 0
19 20 21 0
20 0 11 0
21 10 21 0
PREMISES 40
0 15 -12 1
1 15 42 1
2 15 12 1
3 15 18 1
4 45 -12 1
5 45 42 1
6 45 12 1
7 45 18 1
8 75 -12 1
9 75 42 1
10 75 12 1
11 75 18 1
12 105 -12 1
13 105 42 1
14 105 12 1
15 105 18 1
16 135 -12 1
17 135 42 1
18 135 12 1
19 135 18 1
20 165 -12 1
21 165 42 1
22 165 12 1
23 165 18 1
24 195 -12 1
25 195 42 1
26 195 12 1
27 195 18 1
28 225 -12 1
29 225 42 1
30 225 12 1
31 225 18 1
32 255 -12 1
33 255 42 1
34 255 12 1
35 255 18 1
36 285 -12 1
37 285 42 1
38 285 12 1
39 285 18 1
END
