NETWERK 1
NODES 18
0 0 0
1 30 0
2 60 0
3 90 0
4 120 0
5 150 0
6 180 0
7 210 0
8 240 0
9 270 0
10 300 0
11 330 0
12 360 0
13 150 -30
14 150 -60
15 150 -90
16 150 -120
17 150 -150
EDGES 17
0 0 1 0
1 1 2 0
2 2 3 0
3 3 4 0
4 4 5 0
5 5 6 0
6 6 7 0
7 7 8 0
8 8 9 0
9 9 10 0
10 10 11 0
11 11 12 0
12 5 13 0
13 13 14 0
14 14 15 0
15 15 16 0
16 16 17 0
PREMISES 40
0 15 12 1
1 15 -12 1
2 45 12 1
3 45 -12 1
4 75 12 1
5 75 -12 1
6 105 12 1
7 105 -12 1
8 135 12 1
9 135 -12 1
10 165 12 1
11 165 -12 1
12 195 12 1
13 195 -12 1
14 225 12 1
15 225 -12 1
16 255 12 1
17 255 -12 1
18 285 12 1
19 285 -12 1
20 315 12 1
21 315 -12 1
22 345 12 1
23 345 -12 1
24 138 -15 1
25 162 -15 1
26 138 -45 1
27 162 -45 1
28 138 -75 1
29 162 -75 1
30 138 -105 1
31 162 -105 1
32 138 -135 1
33 162 -135 1
34 135 -162 1
35 150 -168 1
36 165 -162 1
37 132 -148 1
38 168 -148 1
39 150 -158 1
END
