NETWERK 1
NODES 34
0 -120 0
1 -90 0
2 -60 0
3 -30 0
4 0 0
5 30 0
6 60 0
7 90 0
8 120 0
9 0 -120
10 0 -90
11 0 -60
12 0 -30
13 0 30
14 0 60
15 0 90
16 0 120
17 145 0
18 175 0
19 205 0
20 235 0
21 265 0
22 295 0
23 325 0
24 355 0
25 385 0
26 265 -120
27 265 -90
28 265 -60
29 265 -30
30 265 30
31 265 60
32 265 90
33 265 120
EDGES 33
0 0 1 0
1 1 2 0
2 2 3 0
3 3 4 0
4 4 5 0
5 5 6 0
6 6 7 0
7 7 8 0
8 9 10 0
9 10 11 0
10 11 12 0
11 12 4 0
12 4 13 0
13 13 14 0
14 14 15 0
15 15 16 0
16 17 18 0
17 18 19 0
18 19 20 0
19 20 21 0
20 21 22 0
21 22 23 0
22 23 24 0
23 24 25 0
24 26 27 0
25 27 28 0
26 28 29 0
27 29 21 0
28 21 30 0
29 30 31 0
30 31 32 0
31 32 33 0
32 8 17 1
PREMISES 56
0 -105 12 1
1 -105 -12 1
2 -75 12 1
3 -75 -12 1
4 -45 12 1
5 -45 -12 1
6 -15 12 1
7 -15 -12 1
8 15 12 1
9 15 -12 1
10 45 12 1
11 45 -12 1
12 75 12 1
13 75 -12 1
14 105 12 1
15 105 -12 1
16 -12 -105 1
17 12 -105 1
18 -12 -75 1
19 12 -75 1
20 -12 -45 1
21 12 -45 1
22 -12 45 1
23 12 45 1
24 -12 75 1
25 12 75 1
26 -12 105 1
27 12 105 1
28 160 12 1
29 160 -12 1
30 190 12 1
31 190 -12 1
32 220 12 1
33 220 -12 1
34 250 12 1
35 250 -12 1
36 280 12 1
37 280 -12 1
38 310 12 1
39 310 -12 1
40 340 12 1
41 340 -12 1
42 370 12 1
43 370 -12 1
44 253 -105 1
45 277 -105 1
46 253 -75 1
47 277 -75 1
48 253 -45 1
49 277 -45 1
50 253 45 1
51 277 45 1
52 253 75 1
53 277 75 1
54 253 105 1
55 277 105 1
END
